house alone: {'coalition': 1303, 'grim': 668, 'alld': 29} | permanent repair-1: {'coalition': 1698, 'grim': 287, 'alld': 15}
 T   repair share   changed vs house   differs from permanent
   0   0.2000           0              422
   1   0.1973          28              404
   5   0.1855          89              358
  10   0.1691         167              297
  20   0.1345         265              189
  30   0.0999         321              134
  40   0.0717         351               99
  50   0.0528         366               74
  60   0.0410         380               59
  70   0.0335         388               46
  80   0.0293         392               38
  90   0.0271         394               34
 100   0.0261         406               20
 150   0.0243         413                9
 250   0.0202         421                1
1000   0.0073         422                0
